
TalentEmuSV = {
["map"] = {
["WRATH"] = {
["MAGE"] = {
["VMap"] = {
{
1,
3,
5,
9,
15,
2,
7,
6,
25,
29,
8,
12,
14,
30,
16,
10,
4,
18,
13,
17,
19,
11,
24,
23,
20,
21,
28,
26,
22,
27,
},
{
5,
15,
4,
12,
28,
9,
6,
8,
7,
1,
3,
2,
16,
17,
11,
10,
18,
13,
20,
14,
19,
23,
21,
24,
22,
25,
26,
27,
},
{
2,
1,
4,
15,
12,
17,
7,
3,
11,
5,
16,
8,
9,
14,
6,
18,
19,
10,
28,
13,
20,
21,
23,
24,
22,
25,
26,
27,
},
},
["RMap"] = {
{
1,
6,
2,
17,
3,
8,
7,
11,
4,
16,
22,
12,
19,
13,
5,
15,
20,
18,
21,
25,
26,
29,
24,
23,
9,
28,
30,
27,
10,
14,
},
{
10,
12,
11,
3,
1,
7,
9,
8,
6,
16,
15,
4,
18,
20,
2,
13,
14,
17,
21,
19,
23,
25,
22,
24,
26,
27,
28,
5,
},
{
2,
1,
8,
3,
10,
15,
7,
12,
13,
18,
9,
5,
20,
14,
4,
11,
6,
16,
17,
21,
22,
25,
23,
24,
26,
27,
28,
19,
},
},
},
["SHAMAN"] = {
["RMap"] = {
{
3,
12,
2,
1,
8,
9,
16,
7,
6,
15,
4,
11,
10,
5,
13,
14,
20,
22,
19,
21,
23,
17,
25,
24,
18,
},
{
10,
11,
6,
7,
4,
1,
8,
5,
3,
12,
14,
9,
21,
17,
13,
16,
20,
25,
19,
26,
24,
22,
27,
28,
29,
15,
2,
23,
18,
},
{
9,
8,
6,
1,
7,
10,
3,
17,
13,
15,
5,
11,
2,
4,
12,
14,
21,
20,
23,
16,
24,
19,
22,
25,
26,
18,
},
},
["VMap"] = {
{
4,
3,
1,
11,
14,
9,
8,
5,
6,
13,
12,
2,
15,
16,
10,
7,
22,
25,
19,
17,
20,
18,
21,
24,
23,
},
{
6,
27,
9,
5,
8,
3,
4,
7,
12,
1,
2,
10,
15,
11,
26,
16,
14,
29,
19,
17,
13,
22,
28,
21,
18,
20,
23,
24,
25,
},
{
4,
13,
7,
14,
11,
3,
5,
2,
1,
6,
12,
15,
9,
16,
10,
20,
8,
26,
22,
18,
17,
23,
19,
21,
24,
25,
},
},
},
["PALADIN"] = {
["RMap"] = {
{
1,
13,
6,
8,
3,
10,
4,
9,
7,
2,
14,
18,
16,
5,
12,
15,
19,
17,
21,
22,
20,
25,
26,
24,
11,
23,
},
{
19,
11,
8,
4,
13,
15,
17,
12,
1,
7,
10,
5,
3,
14,
18,
20,
22,
2,
23,
21,
26,
25,
24,
6,
9,
16,
},
{
5,
15,
1,
2,
13,
7,
18,
4,
8,
3,
10,
6,
9,
12,
14,
16,
19,
20,
11,
23,
21,
22,
25,
26,
17,
24,
},
},
["VMap"] = {
{
1,
10,
5,
7,
14,
3,
9,
4,
8,
6,
25,
15,
2,
11,
16,
13,
18,
12,
17,
21,
19,
20,
26,
24,
22,
23,
},
{
9,
18,
13,
4,
12,
24,
10,
3,
25,
11,
2,
8,
5,
14,
6,
26,
7,
15,
1,
16,
20,
17,
19,
23,
22,
21,
},
{
3,
4,
10,
8,
1,
12,
6,
9,
13,
11,
19,
14,
5,
15,
2,
16,
25,
7,
17,
18,
21,
22,
20,
26,
23,
24,
},
},
},
},
},
["_GlobalRef"] = {
["TOOLTIP"] = {
["setmetatable"] = 188,
["CreateFrame"] = 195,
},
["EXTERNAL"] = {
["LibStub"] = 97,
},
["UI"] = {
["setmetatable"] = 152,
["Shine"] = 6,
},
},
["set"] = {
["minimapPos"] = 185,
},
["var"] = {
["Player-4520-03C1760B"] = "!T327E121EhcD68bBSw3ZCT5:1N::UbSn1:0EH1GcQo-CZGjj541!G3221e0+9:OWB:31u+++9:kQD:I1u+-:==C:A1u+9:SWB:61ue0+9:DWB:I1u+++9:BWB:81u+-:==C:A1u+9:CWB:11u!E320+^+w4A:1gv:155-:1nl9:5E1:9+z==:8E1:9+0n=:1Wv:1Pl9:6E1:9+^+wm=:1om:1lm9:1lm9:5E1:9+m7=:2yk9:1Ol9:5E1:9+zm=:17u:1lm9:16n9:5E1:9+BS=:1mv:1nl9:1nl9:5E1:9+Vb=:1iu:15n9:6E1:9+xm=:1im:1Pn9:6E1:9+C5A:10w:7E1:9+SD=:10w:1lm9:6E1:9+xY9:8E1:9+w3=:8E1:9+1S=:1lv:1Pn9:6E1:9+Oh=:1qv:1lm9:6E1:9+MT=:8E1:9+4w9:8E1:9+wk7:8E1:9",
["Player-4520-030C52BB"] = "!T324E122E95FR8Wo-b61t8d:EI::E1Tu=dWne=NKsi7H74!G3222e0+9:NOB:I1u+++9:QOB:C1u+-:X9C:21u+9:mPD:F1u60++++++!E320+^+Mf9:1aw:1Y6-:18l9:5E1:9+0-=:8E1:9+Gd=:1Xv:1sl9:6E1:9+h:8E1:9+RF=:1Ym:18l9:1sl9:5E1:9+1A=:28l9:6E1:9+Nf9:1xn:18l9:18l9:5E1:9+t7=:1Ks:1vm9:1vm9:5E1:9+Gb=:1-w:1sl9:6E1:9+75=:1Iw:1sl9:6E1:9+mA=:8E1:9+uC=:8E1:9+5D=:8E1:9+r39:8E1:9+hc-:1Js:7E1:9+r9A:8E1:9+-6=:1jE:7E1:9+N1=:8E1:9+wk7:8E1:9",
["Player-4520-035A60EF"] = "!T323E121Lo51x:iL-e5nQW1:::E-qH:1NoxAk:g1:0EH1GFbteA=5cH:51!G3221e0+9:2AD:E1u+++9:ykB:81u+-:59C:A1u+9:fkB:51ue0+9:nND:B1u+++9:nkB:F1u+-:59C:A1u+9:kkB:H1u!E320+^+p4=:255-:1Ol9:5E1:9+mt-:2Ol9:6E1:9+xC=:8E1:9+ET1:8E1:9+wC=:8E1:9+y9=:8E1:9+Q6=:2yk9:1Ol9:5E1:9+CD=:1Ks:7E1:9+f3=:8E1:9+zF-:1Is:7E1:9+Dw9:8E1:9+dW-:8E1:9+ev9:8E1:9+hV=:8E1:9+rb9:8E1:9+I4=:8E1:9+C49:8E1:9+0d9:8E1:9+^",
["savedTalent"] = {
["|cff0070de萨满|r- 元素 0 增强 8 |cff7fbfff恢复55|r"] = "!T327E111N::UbSn1:0EH1GcQo-CZGjj541",
["|cff0070de萨满|r- |cff7fbfff元素21|r 增强 0 恢复 0"] = "!T327E1116CFJG:1",
},
},
["_version"] = 220811,
["_GlobalAssign"] = {
["TOOLTIP"] = {
["UpdateFrame"] = 1,
},
},
}
