
TalentEmuSV = {
["map"] = {
["WRATH"] = {
["MAGE"] = {
["VMap"] = {
{
1,
3,
5,
9,
15,
2,
7,
6,
25,
29,
8,
12,
14,
30,
16,
10,
4,
18,
13,
17,
19,
11,
24,
23,
20,
21,
28,
26,
22,
27,
},
{
5,
15,
4,
12,
28,
9,
6,
8,
7,
1,
3,
2,
16,
17,
11,
10,
18,
13,
20,
14,
19,
23,
21,
24,
22,
25,
26,
27,
},
{
2,
1,
4,
15,
12,
17,
7,
3,
11,
5,
16,
8,
9,
14,
6,
18,
19,
10,
28,
13,
20,
21,
23,
24,
22,
25,
26,
27,
},
},
["RMap"] = {
{
1,
6,
2,
17,
3,
8,
7,
11,
4,
16,
22,
12,
19,
13,
5,
15,
20,
18,
21,
25,
26,
29,
24,
23,
9,
28,
30,
27,
10,
14,
},
{
10,
12,
11,
3,
1,
7,
9,
8,
6,
16,
15,
4,
18,
20,
2,
13,
14,
17,
21,
19,
23,
25,
22,
24,
26,
27,
28,
5,
},
{
2,
1,
8,
3,
10,
15,
7,
12,
13,
18,
9,
5,
20,
14,
4,
11,
6,
16,
17,
21,
22,
25,
23,
24,
26,
27,
28,
19,
},
},
},
["PALADIN"] = {
["RMap"] = {
{
1,
13,
6,
8,
3,
10,
4,
9,
7,
2,
14,
18,
16,
5,
12,
15,
19,
17,
21,
22,
20,
25,
26,
24,
11,
23,
},
{
19,
11,
8,
4,
13,
15,
17,
12,
1,
7,
10,
5,
3,
14,
18,
20,
22,
2,
23,
21,
26,
25,
24,
6,
9,
16,
},
{
5,
15,
1,
2,
13,
7,
18,
4,
8,
3,
10,
6,
9,
12,
14,
16,
19,
20,
11,
23,
21,
22,
25,
26,
17,
24,
},
},
["VMap"] = {
{
1,
10,
5,
7,
14,
3,
9,
4,
8,
6,
25,
15,
2,
11,
16,
13,
18,
12,
17,
21,
19,
20,
26,
24,
22,
23,
},
{
9,
18,
13,
4,
12,
24,
10,
3,
25,
11,
2,
8,
5,
14,
6,
26,
7,
15,
1,
16,
20,
17,
19,
23,
22,
21,
},
{
3,
4,
10,
8,
1,
12,
6,
9,
13,
11,
19,
14,
5,
15,
2,
16,
25,
7,
17,
18,
21,
22,
20,
26,
23,
24,
},
},
},
["SHAMAN"] = {
["RMap"] = {
{
3,
12,
2,
1,
8,
9,
16,
7,
6,
15,
4,
11,
10,
5,
13,
14,
20,
22,
19,
21,
23,
17,
25,
24,
18,
},
{
10,
11,
6,
7,
4,
1,
8,
5,
3,
12,
14,
9,
21,
17,
13,
16,
20,
25,
19,
26,
24,
22,
27,
28,
29,
15,
2,
23,
18,
},
{
9,
8,
6,
1,
7,
10,
3,
17,
13,
15,
5,
11,
2,
4,
12,
14,
21,
20,
23,
16,
24,
19,
22,
25,
26,
18,
},
},
["VMap"] = {
{
4,
3,
1,
11,
14,
9,
8,
5,
6,
13,
12,
2,
15,
16,
10,
7,
22,
25,
19,
17,
20,
18,
21,
24,
23,
},
{
6,
27,
9,
5,
8,
3,
4,
7,
12,
1,
2,
10,
15,
11,
26,
16,
14,
29,
19,
17,
13,
22,
28,
21,
18,
20,
23,
24,
25,
},
{
4,
13,
7,
14,
11,
3,
5,
2,
1,
6,
12,
15,
9,
16,
10,
20,
8,
26,
22,
18,
17,
23,
19,
21,
24,
25,
},
},
},
},
},
["_GlobalRef"] = {
["TOOLTIP"] = {
["CreateFrame"] = 1,
},
["UI"] = {
["setmetatable"] = 152,
["Shine"] = 6,
},
},
["set"] = {
["minimapPos"] = 185,
},
["var"] = {
["Player-4520-03C1760B"] = "!T327E121EBjB68bBSw3ZCT5:1N::UbSn1:0EH1GcQo-CZGjj541!G3221g0+9:1:OWB+-:2:0+-:3:0+9:4:kQD+-:5:==C+9:6:SWBg0+9:1:DWB+-:2:0+-:3:0+9:4:BWB+-:5:==C+9:6:CWB!E320+^+M6=:8E1:9+z==:8E1:9+uV=:8E1:9+^+hb=:2yk9:1nl9:1Ol9:4E1:9+m7=:8E1:9+O3=:8E1:9+v7=:8E1:9+Vb=:1QY:15n9:6E1:9+MC=:8E1:9+zY9:8E1:9+e5=:8E1:9+xY9:8E1:9+w3=:8E1:9+1c9:8E1:9+IC=:8E1:9+1E9:8E1:9+4w9:8E1:9+wk7:8E1:9",
["Player-4520-030C52BB"] = "!T324E122E95FR8Wo-b61t8d:4I::E1Tu=dWne=NKsi7H74!G3222e0+9:1:NOB+-:2:0+-:3:0+9:4:QOB+-:5:X9C+9:6:0Y0+9:1:0+-:2:0+-:3:0+9:4:0+-:5:0+9:6:0!E320+^+Dd9:8E1:9+y-7:8E1:9+cT-:8E1:9+h:8E1:9+js=:8E1:9+Mg8:8E1:9+Vc9:8E1:9+ec9:8E1:9+Jc9:8E1:9+Dg8:8E1:9+sc9:8E1:9+uc9:8E1:9+L27:8E1:9+Fj9:8E1:9+Vq9:8E1:9+4T-:8E1:9+o88:1Sd:1jr5:6E1:9+gE6:8E1:9+wk7:8E1:9",
["Player-4520-035A60EF"] = "!T32361110!G3211Y0+9:1:0+-:2:0+-:3:0+9:4:0+-:5:0+1:6:0!E320+^+I67:2gK8:1sr5:561:9+ar6:861:9+q07:861:9+ET1:861:9+Zj7:861:9+iz6:861:9+my6:1ve:19d5:19d5:19d5:461:9+Zx6:24d5:19d5:561:9+Cs6:2sc5:661:9+M67:861:9+8-7:861:9+a97:861:9+GK9:861:9+8q6:861:9+S17:861:9+Nz6:861:9+^+107:861:9+^",
["savedTalent"] = {
["|cff0070de萨满|r- 元素 0 增强 8 |cff7fbfff恢复55|r"] = "!T327E111N::UbSn1:0EH1GcQo-CZGjj541",
["|cff0070de萨满|r- |cff7fbfff元素21|r 增强 0 恢复 0"] = "!T327E1116CFJG:1",
},
},
["_version"] = 220811,
["_GlobalAssign"] = {
},
}
