
TalentEmuSV = {
["map"] = {
["WRATH"] = {
["SHAMAN"] = {
["RMap"] = {
{
3,
12,
2,
1,
8,
9,
16,
7,
6,
15,
4,
11,
10,
5,
13,
14,
20,
22,
19,
21,
23,
17,
25,
24,
18,
},
{
10,
11,
6,
7,
4,
1,
8,
5,
3,
12,
14,
9,
21,
17,
13,
16,
20,
25,
19,
26,
24,
22,
27,
28,
29,
15,
2,
23,
18,
},
{
9,
8,
6,
1,
7,
10,
3,
17,
13,
15,
5,
11,
2,
4,
12,
14,
21,
20,
23,
16,
24,
19,
22,
25,
26,
18,
},
},
["VMap"] = {
{
4,
3,
1,
11,
14,
9,
8,
5,
6,
13,
12,
2,
15,
16,
10,
7,
22,
25,
19,
17,
20,
18,
21,
24,
23,
},
{
6,
27,
9,
5,
8,
3,
4,
7,
12,
1,
2,
10,
15,
11,
26,
16,
14,
29,
19,
17,
13,
22,
28,
21,
18,
20,
23,
24,
25,
},
{
4,
13,
7,
14,
11,
3,
5,
2,
1,
6,
12,
15,
9,
16,
10,
20,
8,
26,
22,
18,
17,
23,
19,
21,
24,
25,
},
},
},
["PALADIN"] = {
["RMap"] = {
{
1,
13,
6,
8,
3,
10,
4,
9,
7,
2,
14,
18,
16,
5,
12,
15,
19,
17,
21,
22,
20,
25,
26,
24,
11,
23,
},
{
19,
11,
8,
4,
13,
15,
17,
12,
1,
7,
10,
5,
3,
14,
18,
20,
22,
2,
23,
21,
26,
25,
24,
6,
9,
16,
},
{
5,
15,
1,
2,
13,
7,
18,
4,
8,
3,
10,
6,
9,
12,
14,
16,
19,
20,
11,
23,
21,
22,
25,
26,
17,
24,
},
},
["VMap"] = {
{
1,
10,
5,
7,
14,
3,
9,
4,
8,
6,
25,
15,
2,
11,
16,
13,
18,
12,
17,
21,
19,
20,
26,
24,
22,
23,
},
{
9,
18,
13,
4,
12,
24,
10,
3,
25,
11,
2,
8,
5,
14,
6,
26,
7,
15,
1,
16,
20,
17,
19,
23,
22,
21,
},
{
3,
4,
10,
8,
1,
12,
6,
9,
13,
11,
19,
14,
5,
15,
2,
16,
25,
7,
17,
18,
21,
22,
20,
26,
23,
24,
},
},
},
},
},
["_GlobalRef"] = {
["TOOLTIP"] = {
["CreateFrame"] = 1,
},
},
["set"] = {
["minimapPos"] = 185,
},
["var"] = {
["Player-4520-069A1D19"] = "!T327E121JuBKG::8noT=phy-=v-k61N::U5ngA:0EH1G8NvK3ZGjj541!G3221i0+9:1:PWB+-:2:9=C+-:3:==C+9:4:OWB+-:5:0+9:6:KWBk0+9:1:CWB+-:2:D=C+-:3:==C+9:4:DWB+-:5:9=C+9:6:BWB!E320+^+4G=:1dv:1q6-:1mm9:5E1:9+4Au:8E1:9+Vh=:1Uv:1mm9:1mm9:5E1:9+^+kR=:1om:1qm9:1Bn9:5E1:9+l7=:2mm9:1Bn9:1mm9:4E1:9+Rn=:1jv:1mm9:1mm9:5E1:9+ZC=:1Ks:1Tn9:1mm9:5E1:9+gg=:10N:1mm9:6E1:9+Pn=:1Is:1mm9:6E1:9+Bw9:8E1:9+md=:8E1:9+qd=:8E1:9+w3=:8E1:9+uR=:1Js:7E1:9+HD=:1Bv:10n9:6E1:9+FE=:1Bv:1mm9:6E1:9+mc=:8E1:9+^",
["Player-4520-0314FC31"] = "!T327E122N::U5ngA:0EH1GcQo-CZGjj541EBtyG9bBSw3ZyRt-1!G3222k0+9:1:jQD+-:2:9=C+-:3:==C+9:4:DWB+-:5:D=C+9:6:BWBk0+9:1:RWB+-:2:D=C+-:3:9=C+9:4:kQD+-:5:==C+9:6:SWB!E320+^+tF=:1fv:1t6-:1Pl9:5E1:9+7Au:8E1:9+qg=:1Wv:1lm9:1Pn9:5E1:9+^+qF=:1om:1Pl9:1nl9:5E1:9+DS=:24n9:1lm9:1UG-:4E1:9+P5=:19u:1UG-:1Pl9:5E1:9+j8=:1mv:1yk9:14n9:5E1:9+Vb=:1KY:1lm9:6E1:9+xm=:1im:1Pn9:6E1:9+7in:8E1:9+lr9:8E1:9+It=:8E1:9+YJs:8E1:9+5-r:1lv:7E1:9+5t=:1qv:1UG-:6E1:9+S6=:1cF:1yk9:6E1:9+u0=:8E1:9+Eb8:8E1:9",
["Player-4520-0306603B"] = "!T324E121J::Uvau=dSNY=NKsi7PIGHJ::kXKi=wj8S=NYVi73OGH!G3221i0+9:1:tPD+-:2:0+-:3:X9C+9:4:rPD+-:5:P9C+9:6:nPDk0+9:1:rPD+-:2:a9C+-:3:P9C+9:4:nPD+-:5:X9C+9:6:TOB!E320+^+TF=:1ev:1Y6-:1bn9:5E1:9+5Au:8E1:9+33=:1Xv:7E1:9+^+RF=:1Vn:1rm9:11n9:5E1:9+1h=:2rm9:1rm9:5E1:9+yr=:1iv:11n9:1rm9:5E1:9+YC=:1Ks:1rm9:1rm9:5E1:9+rrt:1-w:7E1:9+0s=:1pm:1rm9:6E1:9+Hh=:1Dv:1rm9:6E1:9+mrt:1Dv:7E1:9+KD=:8E1:9+5D=:8E1:9+Xs=:1TS:1rm9:6E1:9+vB=:1Rw:1sA=:6E1:9+oR=:1jE:1rm9:6E1:9+hc=:8E1:9+^",
["savedTalent"] = {
},
},
["_version"] = 220811,
["_GlobalAssign"] = {
},
}
